100000    0.00200    0.00200
200000    0.00300    0.00200
300000    0.00400    0.00400
400000    0.00700    0.00400
500000    0.00800    0.00500
600000    0.00900    0.00700
700000    0.01100    0.00700
800000    0.01300    0.00800
900000    0.01500    0.03100
1000000    0.01600    0.01000
1100000    0.01800    0.01300
1200000    0.01900    0.01500
1300000    0.02100    0.01600
1400000    0.02200    0.02700
1500000    0.02400    0.01800
1600000    0.02500    0.01900
1700000    0.02700    0.02100
1800000    0.03000    0.08500
1900000    0.03000    0.02400
2000000    0.03200    0.02500
2100000    0.03400    0.03500
2200000    0.03600    0.02800
2300000    0.03700    0.02900
2400000    0.03800    0.04100
2500000    0.03700    0.03200
2600000    0.04100    0.03900
2700000    0.04300    0.03400
2800000    0.04500    0.10500
2900000    0.04600    0.03800
3000000    0.04900    0.03800
3100000    0.05000    0.04700
3200000    0.05200    0.04000
3300000    0.05300    0.05100
3400000    0.05500    0.04600
3500000    0.05600    0.04400
3600000    0.05800    0.05100
3700000    0.05900    0.04600
3800000    0.06200    0.05200
3900000    0.06300    0.04700
4000000    0.06500    0.08000
4100000    0.06600    0.05600
4200000    0.06800    0.05400
4300000    0.06900    0.06300
4400000    0.07100    0.06200
4500000    0.07300    0.05800
4600000    0.07400    0.06700
4700000    0.07600    0.06600
4800000    0.07800    0.09900
4900000    0.08000    0.06300
5000000    0.08100    0.07200
5100000    0.08200    0.07300
5200000    0.08400    0.07100
5300000    0.08600    0.07300
5400000    0.08700    0.06900
5500000    0.08900    0.07600
5600000    0.09000    0.09400
5700000    0.09200    0.07900
5800000    0.09400    0.08000
5900000    0.09500    0.07900
6000000    0.09600    0.08100
6100000    0.09900    0.08100
6200000    0.09900    0.08500
6300000    0.10300    0.08400
6400000    0.10400    0.21900
6500000    0.10500    0.08800
6600000    0.10700    0.09300
6700000    0.11200    0.09100
6800000    0.11100    0.09200
6900000    0.11300    0.09300
7000000    0.11400    0.09500
7100000    0.11600    0.09400
7200000    0.11700    0.11300
7300000    0.11900    0.09700
7400000    0.11900    0.10800
7500000    0.12100    0.09700
7600000    0.12200    0.11200
7700000    0.12400    0.10000
7800000    0.12500    0.10200
7900000    0.12700    0.25800
8000000    0.12900    0.10600
8100000    0.13100    0.11000
8200000    0.13400    0.10700
8300000    0.13400    0.11000
8400000    0.13500    0.11700
8500000    0.13900    0.12700
8600000    0.14000    0.11700
8700000    0.14100    0.13800
8800000    0.14500    0.12700
8900000    0.14500    0.12300
9000000    0.14600    0.12300
9100000    0.14700    0.13700
9200000    0.14900    0.12500
9300000    0.15000    0.13500
9400000    0.15300    0.15300
9500000    0.15400    0.13000
9600000    0.15500    0.13400
9700000    0.15500    0.13100
9800000    0.15900    0.13500
9900000    0.16000    0.13200
10000000    0.16200    0.13800
10100000    0.16400    0.15700
10200000    0.16500    0.14700
10300000    0.16700    0.14400
10400000    0.17200    0.13900
10500000    0.17100    0.14500
10600000    0.17200    0.14100
10700000    0.17300    0.14700
10800000    0.17700    0.17300
10900000    0.17300    0.14900
11000000    0.17700    0.15100
11100000    0.18000    0.15000
11200000    0.18100    0.14800
11300000    0.18300    0.16300
11400000    0.18500    0.16500
11500000    0.18600    0.15200
11600000    0.18800    0.17600
11700000    0.18900    0.15900
11800000    0.19200    0.15800
11900000    0.19200    0.16000
12000000    0.19300    0.15900
12100000    0.19600    0.16400
12200000    0.19800    0.16500
12300000    0.20000    0.25500
12400000    0.20000    0.17200
12500000    0.20300    0.16800
12600000    0.20300    0.17000
12700000    0.20500    0.17100
12800000    0.20700    0.16800
12900000    0.20900    0.16700
13000000    0.21000    0.19300
13100000    0.21200    0.17500
13200000    0.21400    0.17600
13300000    0.21600    0.17600
13400000    0.21700    0.17800
13500000    0.21800    0.18000
13600000    0.22000    0.18300
13700000    0.22300    0.28800
13800000    0.22300    0.18700
13900000    0.22700    0.18500
14000000    0.22600    0.18500
14100000    0.23000    0.18900
14200000    0.23100    0.19800
14300000    0.23400    0.19100
14400000    0.23500    0.20800
14500000    0.23400    0.19200
14600000    0.23600    0.19200
14700000    0.23800    0.19600
14800000    0.23900    0.19300
14900000    0.24300    0.20000
15000000    0.24200    0.19900
15100000    0.24500    0.22700
15200000    0.24600    0.20100
15300000    0.24900    0.20400
15400000    0.24800    0.20000
15500000    0.25000    0.20200
15600000    0.25200    0.20700
15700000    0.25400    0.20500
15800000    0.25400    0.22400
15900000    0.25700    0.20600
16000000    0.25800    0.20800
16100000    0.26100    0.21100
16200000    0.26100    0.21400
16300000    0.26300    0.21800
16400000    0.26500    0.21400
16500000    0.26600    0.24500
16600000    0.26800    0.21500
16700000    0.27000    0.22000
16800000    0.27100    0.24900
16900000    0.27300    0.25400
17000000    0.27400    0.25400
17100000    0.27700    0.25800
17200000    0.27800    0.27000
17300000    0.27900    0.25900
17400000    0.28100    0.26200
17500000    0.28500    0.25800
17600000    0.28500    0.26300
17700000    0.28600    0.26600
17800000    0.28700    0.26300
17900000    0.28900    0.35400
18000000    0.29100    0.27000
18100000    0.29200    0.26700
18200000    0.29300    0.27100
18300000    0.29400    0.27300
18400000    0.29700    0.27300
18500000    0.30100    0.27600
18600000    0.30000    0.29100
18700000    0.30200    0.27700
18800000    0.30200    0.28000
18900000    0.30400    0.28000
19000000    0.30700    0.28300
19100000    0.30800    0.28200
19200000    0.31000    0.28200
19300000    0.31200    0.31400
19400000    0.31300    0.28900
19500000    0.31700    0.28900
19600000    0.31600    0.28800
19700000    0.31700    0.29200
19800000    0.31900    0.29200
19900000    0.32000    0.29500
20000000    0.32300    0.31100
20100000    0.32300    0.29700
20200000    0.32500    0.29700
20300000    0.32700    0.30000
20400000    0.32900    0.29800
20500000    0.33000    0.30300
20600000    0.33200    0.30500
20700000    0.33400    0.70400
20800000    0.33400    0.30400
20900000    0.33600    0.30300
21000000    0.34100    0.30600
21100000    0.33900    0.30700
21200000    0.34000    0.31000
21300000    0.34300    0.31300
21400000    0.34500    0.33300
21500000    0.35600    0.31900
21600000    0.35600    0.31900
21700000    0.35900    0.32700
21800000    0.35900    0.32800
21900000    0.36100    0.32300
22000000    0.36700    0.33900
22100000    0.36800    0.36500
22200000    0.37300    0.33500
22300000    0.37000    0.34000
22400000    0.37900    0.32900
22500000    0.36600    0.32500
22600000    0.36600    0.33200
22700000    0.36700    0.33000
22800000    0.36800    0.34900
22900000    0.36800    0.33200
23000000    0.37300    0.33500
23100000    0.37400    0.33600
23200000    0.39300    0.34800
23300000    0.38200    0.34100
23400000    0.38100    0.33900
23500000    0.38300    0.36700
23600000    0.37900    0.34000
23700000    0.38200    0.34200
23800000    0.38200    0.34700
23900000    0.38400    0.34700
24000000    0.39000    0.35100
24100000    0.39000    0.36400
24200000    0.39000    0.35700
24300000    0.39400    0.35500
24400000    0.39500    0.35100
24500000    0.39400    0.35600
24600000    0.40000    0.36000
24700000    0.39700    0.35600
24800000    0.40100    0.44100
24900000    0.42000    0.37800
25000000    0.41900    0.36600
25100000    0.40700    0.36100
25200000    0.40600    0.35800
25300000    0.40700    0.36400
25400000    0.40900    0.38600
25500000    0.41000    0.36900
25600000    0.41400    0.37000
25700000    0.41400    0.36700
25800000    0.41600    0.37400
25900000    0.41900    0.37300
26000000    0.41800    0.81500
26100000    0.41600    0.37900
26200000    0.42300    0.37900
26300000    0.42400    0.37800
26400000    0.42700    0.38100
26500000    0.42800    0.38000
26600000    0.42900    0.40300
26700000    0.42900    0.38300
26800000    0.43200    0.38400
26900000    0.43400    0.39000
27000000    0.44200    0.39000
27100000    0.43600    0.39000
27200000    0.43900    0.41900
27300000    0.43900    0.39600
27400000    0.44400    0.40000
27500000    0.44500    0.39700
27600000    0.44500    0.40100
27700000    0.44700    0.40100
27800000    0.44800    0.41600
27900000    0.45000    0.39900
28000000    0.45200    0.40000
28100000    0.45500    0.40800
28200000    0.45600    0.40400
28300000    0.45900    0.40700
28400000    0.45800    0.43400
28500000    0.46000    0.41100
28600000    0.46200    0.40900
28700000    0.46200    0.41300
28800000    0.46500    0.41100
28900000    0.46600    0.41600
29000000    0.47000    0.43300
29100000    0.47100    0.41700
29200000    0.47200    0.41800
29300000    0.47300    0.41900
29400000    0.47500    0.43000
29500000    0.47600    0.42200
29600000    0.47600    0.50400
29700000    0.48400    0.42900
29800000    0.48100    0.43800
29900000    0.48600    0.43100
30000000    0.48500    0.42900
30100000    0.48600    0.43600
30200000    0.48900    0.44900
30300000    0.49300    0.43100
30400000    0.49000    0.43800
30500000    0.49200    0.43200
30600000    0.49400    0.44000
30700000    0.49700    0.44100
30800000    0.49900    0.47000
30900000    0.50000    0.44300
31000000    0.50000    0.44100
31100000    0.50200    0.45300
31200000    0.50600    0.44800
31300000    0.50700    0.44800
31400000    0.50900    0.46800
31500000    0.51100    0.45000
31600000    0.51000    0.45000
31700000    0.51300    0.45300
31800000    0.51300    0.46100
31900000    0.51400    0.45900
32000000    0.51700    0.56400
32100000    0.51800    0.45600
32200000    0.52100    0.46200
32300000    0.52000    0.45900
32400000    0.52300    0.46200
32500000    0.52500    0.46400
32600000    0.52800    0.48200
32700000    0.52900    0.46400
32800000    0.53000    0.46400
32900000    0.53400    0.46800
33000000    0.53300    0.46800
33100000    0.53600    0.47100
33200000    0.53700    0.51600
33300000    0.53900    0.47700
33400000    0.54200    0.47500
33500000    0.54500    0.47800
33600000    0.54200    0.50800
33700000    0.54400    0.51700
33800000    0.54400    0.53200
33900000    0.54700    0.53000
34000000    0.54800    0.51400
34100000    0.55100    0.52000
34200000    0.55200    0.51600
34300000    0.55200    0.51600
34400000    0.56000    0.56500
34500000    0.57600    0.53700
34600000    0.56900    0.53400
34700000    0.57500    0.53300
34800000    0.58400    0.52700
34900000    0.58400    0.53700
35000000    0.57400    0.53300
35100000    0.57400    0.55900
35200000    0.56800    0.52700
35300000    0.57300    0.52900
35400000    0.57200    0.53300
35500000    0.57200    0.53300
35600000    0.57500    0.53200
35700000    0.57700    0.65100
35800000    0.60100    0.55700
35900000    0.58100    0.53500
36000000    0.58500    0.55300
36100000    0.60100    0.54200
36200000    0.60800    0.55200
36300000    0.58700    0.56200
36400000    0.59300    0.55700
36500000    0.62800    0.57200
36600000    0.61200    0.56000
36700000    0.60300    0.55600
36800000    0.60100    0.55200
36900000    0.63900    0.56300
37000000    0.60100    0.56000
37100000    0.60700    0.56600
37200000    0.60900    0.57000
37300000    0.60800    0.56000
37400000    0.61200    0.57100
37500000    0.61100    0.58200
37600000    0.61100    0.56800
37700000    0.61200    0.57100
37800000    0.61500    0.57000
37900000    0.62100    0.56800
38000000    0.61300    0.57000
38100000    0.61400    0.69500
38200000    0.62000    0.56900
38300000    0.62200    0.58600
38400000    0.63200    0.60000
38500000    0.63100    0.57400
38600000    0.62400    0.57300
38700000    0.62600    0.59200
38800000    0.62400    0.57600
38900000    0.62600    0.57600
39000000    0.62800    0.57800
39100000    0.63000    0.57600
39200000    0.63000    0.58200
39300000    0.63200    0.61100
39400000    0.63400    0.58400
39500000    0.63600    0.58500
39600000    0.63700    0.58700
39700000    0.64000    0.58800
39800000    0.64100    0.59000
39900000    0.64400    0.60900
40000000    0.6430